BkProp demo neural network file. v2.0.
#Do not modify the contents of this file manually!

InputCount = 35
HiddenCount = 7
OutputCount = 10
0.511332029504101 1.6498345669754 -0.142142146771169 -0.107678611970142 -0.916062310133695 -0.0615848884050039 -0.696298237193915 0.277994188842361 
-0.41790933401043 0.539191461624871 0.238911755638487 -0.358858662324109 2.00863570411904 -0.916255642925867 -0.822233556210935 0.230391332288455 
0.158142810558385 -0.473428307854222 0.397621622450058 -0.821568536198789 0.915008661210299 -0.146994734653701 0.418396170196587 -0.411551276180684 
-0.0788560572620868 -0.447514298836497 0.66704674572214 0.732363078414832 -0.230218470087373 -0.751358445857132 -0.504448589494477 0.156757009055818 
-0.744594303306905 1.4428309144652 0.0692866645245567 -0.452820700164792 -1.16255256691046 0.495426898365583 -0.672037805636914 -0.30373796299274 
0.142491458951911 0.912437539027626 0.687603878054658 -0.112498794280264 -0.380290705292635 -0.154319337012781 0.103817579269577 -0.200725436071272 
-0.167420855437685 -0.366506278725235 -0.0839936835638183 -0.535781746957024 -0.964144188457943 0.0886505136170819 0.824766481652387 -0.329310178211569 
0.31523047315377 -0.260983578840974 0.378796942022948 0.694441336880662 0.0350582002759517 0.103077918777601 0.144184211370473 -0.240904163448561 
-0.564315978021436 0.520981489646002 0.123037332988197 0.908502745990843 0.562834855227262 -0.342355221642707 -0.234175264570324 0.340543062351897 
-0.751400161370248 -0.168488340951421 -0.191429066531693 1.42231760590409 1.31271061071851 -0.519850599728486 -0.612971980863235 -0.137276939413174 
0.631771685361737 -1.25142604850957 0.557130094376851 1.19822991341226 -1.23152191986664 1.42472710658657 -0.352212668114502 0.432561093909927 
0.426658864165031 -0.122212821180718 0.355649239578928 0.101021288812529 -1.08550236557981 0.677788499307816 -0.343681221138133 -0.202897368791931 
0.42782490809306 0.660615195746664 0.100790024515996 -0.0730241663816109 -0.0738737188108577 0.0116790592234454 0.37333202990785 -0.00620580208776789 
0.872307456772462 0.449245363975127 -0.20930252801026 0.531183961045909 -0.173849718418239 -0.709967717739045 -0.338921055614048 -0.0474108255223422 
-0.276980007404927 -0.387575602288928 0.707241990939225 -0.221426616559342 0.839864517075914 -0.277568221309091 -0.437123410319421 0.395108044564309 
-0.151099416939784 0.537950426322242 -0.146902453902059 -1.8901255583904 -2.13509806936746 0.593342922182089 -0.0229963335975803 -0.318242286247314 
1.57855583016168 -1.21571398347243 0.288842008634791 1.89037590858943 0.690755509441634 1.40606088167686 -0.00788310494280534 -0.274129515408599 
0.977578162600707 -0.310848038229012 0.0395829856668617 0.294614003191682 1.77596009302577 -0.66264509262921 0.269374519359496 0.104798014557361 
1.10087418849784 0.517557534189163 0.348007023484298 1.54237448789133 0.533229819500178 -0.14709664924445 -0.0249300871443645 0.218809563535643 
-0.30141321746915 -1.5719656179214 -0.0419992091440986 1.97344484312073 -0.197295134727805 0.733729592076945 -0.332873247220596 -0.0900258834427343 
0.267497803032556 -0.877117787857017 -0.303399266997386 -2.91972795470993 -0.481113966057465 1.05650586611347 0.257176854941635 -0.314098263072827 
-0.0420615966954932 0.360691548268673 -0.599965869734393 1.38823109221476 -0.215904789096484 0.398301656611936 0.00307595797027455 0.0157223658243764 
0.436953568741082 0.958075685502489 0.610154487389286 1.35283121691646 0.440720932305523 0.480066324526557 -0.197503380859097 0.035158021159078 
0.219781566042454 0.226979201048672 0.477620293371938 -0.0418158470746635 0.335160732832582 -0.889135140949537 -0.591558561335585 -0.358798380409739 
0.248316062933287 -0.421714802274564 0.590157341338647 -0.917411237046598 -0.717436894833697 -0.373809329611961 -0.207844578015993 -0.361426793439978 
-0.602568488372523 0.253570777855471 0.445955806767469 -1.94118657305688 -0.572220645417593 0.476772314099237 -0.472734421806105 -0.382040820029583 
-0.0978616824111173 0.834522425015572 0.0380067545361112 0.136319548863097 -0.47133158929469 0.525697778193591 -0.0522507314612884 0.30761304814723 
1.04043618696592 0.22736776084689 0.23055018313237 0.683336670854198 0.379017543608254 0.106174219767003 0.546556151979156 0.0330231946581151 
-0.0329118713162128 -0.200094455748059 0.0619831145435384 1.47267864375935 -0.00999427492982321 0.171920915773598 -0.552491960088453 -0.150567535148266 
0.438649091504326 0.384160583018544 -0.0549599815189791 -1.36190190366294 -0.0687535847308705 -0.304140301952592 -0.564312917755284 0.415701263544942 
-0.90542844603045 -0.0826847829836067 -0.504692222646672 1.73163686793013 0.325163121369609 0.770831668802005 -0.439329843766634 0.196926093053504 
-1.07789784352204 0.0275098401968306 -0.0209427972385603 -0.984390336951603 0.483423236700644 0.984621176046385 -0.0471149219937765 0.241145480303627 
-0.298812020578067 -0.354434237244743 0.596009527308025 -0.890004861392602 0.303875611049135 0.148190576218644 0.177006385208474 -0.113244300062416 
-0.577438593573093 0.412171794789217 0.705121760154261 -0.077409553966936 -0.146227573109052 0.539032067194841 0.217210727592378 0.485826035954908 
-0.805650195808964 0.573278563494939 0.0845469106787997 1.25688678328067 -0.0882789190517442 0.96839995985442 0.211107992458838 0.324824651621666 
0.442458133705294 0.851649716051132 0.483127967148128 0.804592716250553 -0.657808573882019 0.292868475496421 -0.278849034292995 0.229349436578038 

-4.73112972823734 0.256632586513925 -4.07974615091981 -1.60354211959036 0.578224736975846 0.0962443906592535 3.01515736785624 1.83524203933241 1.00051778143196 -0.124325297567978 
-1.99227138557894 0.733186598722681 1.663485066815 1.10500904203022 0.696807336029216 4.69792604197445 -3.08569810605218 0.770940761200377 -2.29368676963919 -4.49923555309953 
-1.81596216871481 -1.32925516240245 -2.71439526796862 -1.73914364514979 -2.50880104893875 -4.05681440703454 -1.48682355182124 -2.6019081201784 -4.29460293382182 -2.55548949556701 
-0.80744995311032 0.309629076571331 2.46934089258008 -3.60954951317542 4.28202033852284 -3.94877093128806 -0.869290060345472 3.02927923763779 -4.02251099311649 4.38487559493856 
-1.60960466514066 0.848143255151608 0.476681766952668 1.38179694745068 -4.38788958155575 -2.50563843033486 -3.24815376017038 0.868259692007194 4.53392519311252 1.06533123023121 
-0.0371726826062266 0.331120889466404 0.930819561234587 -3.01873702379175 -0.06390074093868 1.61820676453407 -1.23321981857123 -3.92938923462113 1.24708549571121 -0.0433277048999505 
0.715029676095148 4.4863574076721 0.393378799447936 0.913486527192908 1.04229469171664 1.13025027818153 3.38152649271633 0.34070955227635 0.619746274510132 0.520765040299323 
-2.15177837179225 -1.02338638182581 -2.34232837220441 -2.21203702029682 -2.12397012986934 -3.55571614292192 -2.00956612873729 -3.25572947257657 -3.97681419628968 -2.48448261019157 
