BkProp demo neural network file. v1.0.
#Do not modify the contents of this file manually!

InputCount = 35
HiddenCount = 7
OutputCount = 10
0.0124166216706208 0.0292971140237341 0.95399561294477 0.674045975352242 0.380213991207373 -0.911660680120612 -0.0671170773099932 
-0.183860900462526 -0.501030697458305 -0.762587673182812 -0.284611649939025 0.379691031351085 1.93944719480206 0.085647788748824 
-0.10437364176731 -0.649056929892383 0.182462970542298 0.477377681738526 0.420336497776392 0.945909190726026 0.561832921093932 
-0.543117557805456 -0.77087791435725 -0.665300586763055 -0.000703834634165032 0.732498486042556 0.625073009243889 0.345937402003351 
-0.5008072391677 -0.556940054106555 0.0769117346603183 0.475676588364336 -0.0229800177759831 -0.664076095000697 0.658102073754016 
0.110822274856604 -0.603726334986826 -0.455650014479199 -0.19799010775384 0.153978126305567 -0.741862132811272 0.480297727710803 
-0.332119296136909 0.237918364004565 1.32109815571811 -0.291992805817162 -0.228606118008296 -0.516487742049068 0.56020756471709 
-0.622337572602806 -0.485673731322315 0.555040687512749 0.049570729968773 0.283327120685533 -0.436606079477379 -0.0630682799163502 
-0.0810660517443367 -0.416607905263606 -0.37286314014768 0.295533000278683 0.0722223827203726 0.0938432178721605 0.880724529250362 
-0.47995588429067 -0.190866390340198 0.797298949144596 0.408671116481907 -1.52017777560875 1.55676759035066 -1.72921798022381 
-0.635872224099323 -0.50405962158235 -1.13224089480437 0.558759268348171 -0.424709255172363 -1.67091272424813 -2.39967251880628 
-0.469592053380836 0.0917223024878594 -0.673234856645353 0.467556296262423 0.912452102026108 -0.671428123326766 -0.595280361827701 
0.148456749889798 -0.224815279570704 0.671699611270334 -0.207326878361113 -0.384053725675285 -1.16758747969739 0.222883981417577 
-0.614637495403359 -0.138470036355153 0.623798460243166 -0.115990403773708 1.394478672846 -0.355258933914676 -0.501896932106657 
-0.374592932593628 -0.209298174389855 0.195687417185657 0.0577074378418967 -0.0826357221578881 1.02113972714117 0.221577529786153 
0.158288262212123 0.0254796217909009 0.497566804825021 0.0750537356933455 -1.25459142074642 -2.15610853227217 0.683631318947793 
-0.171630119814489 -0.390385642022008 -0.794718319953681 -0.221676127486882 0.315514713102221 -0.130901298552551 -3.56843901754383 
-0.784099132044214 -0.160461009002077 1.38726863403281 0.898904090538046 1.1693043892013 0.796048235362549 -1.26835280877944 
0.0152064248604854 -0.832509045244377 0.881910250381709 0.580400991372447 1.38605903939148 0.330479419430687 -2.25813006569854 
-0.678123659475308 0.250218394718048 -0.421174153819007 -0.139670503807017 0.485965092850068 0.304192893056532 -0.4863999268219 
0.0626586406833661 0.162533957174513 0.0766034672575761 0.336938374169803 -4.28759671249633 -0.0235590532918676 -1.05382121636866 
-0.532200258636773 0.21005782450421 0.419533251985626 -0.408685660994349 -0.604312656162021 -0.206032054646798 -1.64864800597895 
-0.0213072930590436 -0.118421873480706 1.79391481816263 -0.0889793966136025 0.259306561452285 -0.268481288215159 -0.559216551552061 
-0.0594204600346586 0.0889051408981092 0.158061673989377 0.518887588401478 1.15728660949721 0.638742916873883 1.13451773436407 
-0.275949630034269 -0.500078638988332 -1.61104561422761 0.52717265164237 1.56457921592126 -0.422880494354809 1.28670703426319 
0.18796443351255 0.0896301513416466 -0.937157768568847 0.329559316358707 -1.27525902801464 -0.304595000856663 1.45705437589418 
-0.245783938179703 0.408571157001153 0.563044797441248 0.37565639880301 -0.624514615942434 0.00833159648347204 -0.468057068436364 
-0.426456266279367 0.142565578052266 0.980544188083329 0.209861661776335 0.0864203475102343 0.0255964472418912 0.266870329675085 
-0.333717292237261 -0.255626821690269 -0.329157860803583 0.496887108689519 0.362095290382534 0.28511774011895 -0.386103892162234 
-0.425416218265746 0.016455825475311 -0.101877233717787 0.162853164907416 1.32531397982995 -0.571613072727228 1.88034719520785 
0.249592305343606 -0.208048113086694 -0.305784747114259 0.0631953675265412 -0.750350961368915 0.32596846453878 -1.63943876029874 
-0.197589563867298 -0.244674476964764 -0.586229318871841 0.687085690211679 -0.949909494823763 0.00607073075673681 1.04979691878509 
-0.510696010489652 -0.970845887363691 -0.635338930681399 0.738311709654425 -0.539030126947649 0.85840184803731 1.22358062816336 
-0.533146485688798 -0.731523481961867 1.39159221542886 0.918465332560351 -0.558935562433606 -0.400360942001765 0.95090942885739 
-0.496807986855855 -0.0353792877138566 0.817225633791962 0.00572188869568869 -0.647848340710113 -0.0551877533780962 -1.73373798430369 

2.42286850852649 1.53485869120298 2.59109925665137 2.29116566629332 1.93796557090565 2.32853511404211 1.8339027705637 2.69637679801002 4.10651524197684 3.21954654628909 
3.00892228005657 2.10523149713183 2.87415069160938 3.19535680836403 2.57912570785165 2.5561674349113 1.99555168429012 3.32484189790582 3.21207544591498 3.84302112586322 
-3.01549643832109 4.10637552266396 4.40606654226098 -0.274880902094199 3.22273031244787 -3.14920262153377 -0.975328161552568 4.48363599908484 -4.28480615424608 -3.97334301172132 
-2.60667024566738 -1.32188108950703 -2.48321904703424 -3.10421580066066 -1.93623920267536 -2.37743622506022 -1.7975916626673 -2.92460862696004 -3.38373391115791 -3.83173108611238 
-4.1504392848177 -1.10596747700781 -4.11670026320586 3.6904747926489 1.53822686435566 2.75460299094498 -3.91404632775146 4.27388761832145 -4.2135621487073 4.38506755902925 
0.713468526105881 -1.13847566512894 0.646989152299794 4.11678524875593 -4.50809274994923 -4.16582087625987 -4.81323338775823 3.94078300398334 2.59035015050766 2.75887104980692 
4.52553531139992 4.05227364079859 -3.0313714891447 4.66546921582375 -1.86285093372905 1.56896714480526 -0.856242086124818 -0.42017202412777 -3.94155990677465 -3.9865995339764 
