BkProp demo neural network file. v2.0.
#Do not modify the contents of this file manually!

InputCount = 35
HiddenCount = 7
OutputCount = 10
1.37910440810388 -0.306160947825485 -0.487464987596466 -0.132840272384348 0.0593634540196239 0.103887897845521 -0.716482814352907 
0.152840842358092 -0.966676947267177 -0.574172939517819 -0.641700018498158 0.796686271091957 -1.91380625537626 0.0150637686606285 
0.0830703675006616 0.371219027293847 0.0310328978001011 1.11458502036166 1.45555281403221 -1.05157924802385 -0.067412041718493 
-0.365588353726113 0.152487281976698 -0.0786730736890725 0.532093110473071 0.575894956171046 -0.850672488619493 -0.883324889122601 
1.10570678299816 -0.821219013242082 -0.00107001382253826 -0.166573794885839 -0.0299457856407048 -0.127716403449757 -0.49045393724056 
0.339210732499794 -0.669655417116618 0.519196995975802 -1.58506124479653 -0.591911739237575 -0.270061156356228 -0.158579862474353 
0.187285750586319 0.894901846606196 0.152006089389875 1.08742618654371 0.405134212889128 0.633113651733939 0.153831500369863 
0.169836541261315 0.484157323328372 0.727864578942771 -0.463681551622701 -0.149691877798259 0.207313497817184 0.388407367965784 
0.459373437471587 -0.164261405112316 0.170005441572752 -0.553453309094227 -0.89039387657252 -0.34085073297537 -0.454220935627285 
-0.75685456660003 -0.653632460640803 0.100354058926489 0.576683720103286 -0.941508705690092 0.0833688552091009 -0.343188841691929 
-0.927700240843239 1.62535769604765 0.629067734885657 -0.383563629043706 1.54327493962615 1.10966712833775 -0.0678710193784664 
0.175473778449617 0.107233209731991 -0.378344109512711 -1.15502837652317 -0.162809363558639 -0.204017230012822 0.414798800804593 
0.237002996997389 0.445981119756202 0.139271929461023 -0.602300749884193 0.41505380476203 -0.0856670952707768 0.635522886039306 
0.778112855752481 0.791450852027037 0.140068270672343 -0.317383578921405 -0.974541482475017 0.800937810418478 -0.19621385269576 
-0.376212125595027 -0.546172405298379 0.573308616352551 0.134545654555997 -1.18313084798178 -0.109795078869377 0.276513589711923 
1.24037405300325 -1.01793235257107 0.167109208100272 1.19384263589154 -0.248574590403169 1.18903818672551 -0.583127561903888 
-1.51382507026549 1.905970769412 0.762869508102595 -1.17219184541816 0.900313085157737 1.10706544133938 0.00308603163447359 
-0.216215745870398 1.15560413543008 -0.0285639715978513 -0.964753718980775 -0.526211424207181 0.447137188482784 -0.494249384373388 
-0.683657309853149 0.928173684139053 -0.103489073807281 -1.18996458631258 -0.367847779451401 1.04020791045455 -0.0563387667164849 
-1.17934664532551 1.2492556523086 -0.369190223936782 -0.121613644450563 1.35235475249357 -1.12405255669659 0.862784689062073 
-0.13569378114498 -2.71336865408097 0.190488491184915 1.12954610042263 1.24510794000313 0.628682942622815 -0.25224384877464 
0.453422392708173 1.01513774185045 0.451086626289833 0.435764478217927 -0.824683729058638 -0.238616770593308 -0.204725766096746 
0.708720886337681 1.35539490020185 0.30630676009849 0.100220838941695 -0.152016714568463 -0.0336137468281965 0.113134120963714 
0.450934051748457 -0.407018217143281 -0.0295012047377061 -0.530844458441327 -1.14568678229542 -0.000200073845040287 -0.623335533818382 
0.42897907446727 -0.495674189054155 0.0837964396518664 -0.624542711158558 -0.0581895641867807 0.658485290509508 0.574145750385982 
0.670510990755938 -1.000110457305 0.597654547601828 0.134172174914514 -0.426860163325663 -0.474653529106151 -0.539266076535284 
-0.333822272744536 0.638026040674998 -0.0275893508935087 0.440263652767941 -0.126114508502943 0.135587668233062 -0.332204342840798 
0.275672159558421 0.822183529434367 -0.281926609788185 -0.00386017536121588 0.92811183267858 0.0351782516915118 0.284640465505359 
-0.390292992459628 0.649216344718846 0.299654944870217 -0.22172049586497 0.393857826694979 -0.407340878323701 -0.268250843195641 
0.231879938929526 -1.24536961643758 0.391713781721462 -0.16356912729653 -0.0539066988764884 0.510078060849705 -0.560840410306207 
0.0697148553879151 1.05183740558323 0.117101485670728 0.483149989219833 -0.360030681071015 -0.483246940075291 0.39167123327965 
0.181249313858601 -0.78445136530659 1.07694137981717 0.435306946900072 0.166419440505873 -0.964216445617826 -0.0149156313036423 
-0.457267873462711 -0.262859877826446 0.28010549459471 0.396419898301092 0.0963435812569889 -0.970726040593143 0.241057314328506 
0.529028579399947 0.326901057900767 0.675888453637992 0.0629721318599794 -0.626432758763996 -0.119078100915247 0.426393232844325 
0.476255414761758 0.769039669156146 0.58423164812342 0.532557361794932 -1.28327616473391 0.355275871533187 0.272752268796393 

0.71312188489179 0.97683309858038 0.0104434457026357 -0.00385188821313853 -0.814147616656881 0.441572629026948 -0.0833783146834358 

0.0589628602215175 -0.0888556548838418 -2.08700527279783 0.0596052819118015 -0.834204050161554 4.47729814227218 -0.907752113480909 0.989053640016874 -3.5201573346034 -4.77195581452221 
-4.98645835462999 0.485344457867017 0.553255541291614 -4.65159373845934 0.334724837607542 -1.68084953706624 -0.0739087656475666 1.49400303890601 -4.59898447618907 4.09069814104157 
-1.84810027642934 -0.569744118005835 -0.675065551909677 -1.58638025821054 -0.69340837078432 -1.30845819268685 -1.56927062889879 -5.76828982958961 -2.39907170444021 -1.76886718466838 
4.48699242223814 1.04577458465721 4.07687334584859 -0.189937749995213 -1.37872047520048 -4.11144096366254 2.01925133442516 -0.687117666478077 -1.91489777916222 -1.42069750606976 
0.194849035189695 0.753431642447224 -4.903933609689 -4.54276754319401 -3.31152597787222 4.36291910723179 2.42666849354088 0.00187964183198209 2.04201783016064 0.937849611383977 
0.0657617221045135 0.174472940139447 -0.559182293789586 -0.133179442130672 4.33788596922137 1.42837749247842 4.72628928759595 -0.955642980808584 2.00112927656598 -0.192489746973523 
1.11993602450499 5.15756534954935 0.650610251877666 1.53052738148905 1.43572544896989 1.27377179864928 0.00809858489313209 -0.874266838848212 1.37157042928551 1.98984720904761 

-2.99199911224959 -1.15325752521223 -2.86559176247921 -2.47478632007839 -2.34615224777157 -6.24388944115179 -2.77482324809226 -2.07625782723748 -1.87276162499864 -3.96313383416835 
