BkProp demo neural network file. v2.0.
#Do not modify the contents of this file manually!

InputCount = 35
HiddenCount = 7
OutputCount = 10
2.01730921928079 -1.63872598214079 0.33292985106218 -0.758142681840577 -0.378920672589077 0.0309741300042731 0.379855453655829 
0.574665987218038 0.163450556847503 0.136279729340533 -1.05233480640639 -0.286928696350758 -0.11551366331377 1.91243122006849 
-0.081931587727297 -0.10873503202418 0.0253697990767566 -0.334755696536624 -0.271038148490725 -0.36364165835733 1.16785331711965 
0.988056546242273 -0.940371129931386 0.479917133745879 -0.065042106811999 -0.515392890396019 0.56338485954941 0.222663960539358 
0.657495462079644 -1.24687055749536 0.223432485427791 -0.0179568201832803 -0.152043529085481 0.201131835665866 -0.0973079541411784 
0.68174226428455 -1.22594010995656 0.506862752251449 0.00605793183606405 -0.0666023694613838 1.00722649675794 0.593537917983845 
-0.922286002094512 -0.0859399836682465 0.153132048026548 -0.000959382218737672 0.0441751020101158 -0.244691044308076 -1.67258970889858 
0.10014197320173 0.603321652919231 0.0834343061068599 0.359263653523594 -0.166527086965369 -0.998164364860038 -0.529826295230085 
0.527297239084863 0.772730997957114 -0.0024290775004135 -0.114583805253784 -0.388771715292058 -0.371246777906961 -0.720362376502756 
-0.059783454677115 0.579022585471573 0.240217531926113 1.03846529455048 -0.151148156874309 -0.837801014321633 0.659862811435727 
-0.451570556511075 -0.893138810384071 0.504517683643689 1.34756891271614 -0.174432121028781 0.618081775597897 -0.826739675303133 
0.564017194395388 -0.870713795120151 -0.106230152282291 0.29663320174487 0.0477830100393338 0.153402952688553 -0.329259882500802 
-0.493419620803637 -0.131203651278206 0.454858076560779 0.408721586147352 -0.596177973272039 -0.0693457463655325 0.354616138384805 
1.39742985689015 0.382467724411327 0.598055816219352 -0.854670089814981 -0.0342212926717548 -0.159459480685659 -0.779934059631124 
-0.0968140340829605 1.08399271423125 0.00404146155853364 -0.171942583751941 -0.53402034215395 -0.276655515926215 0.384596075770512 
-1.02341671766964 -2.38574058846399 -0.0472155089856061 0.0488749783095766 -0.368453465852547 1.28098747243826 -0.929958945408459 
0.608500515613964 1.58722998445289 0.0837889062905849 1.83748719129781 -0.41996043806572 -0.590102465064409 -1.05019088328258 
0.649269337799645 2.4541190540739 -0.0102211018416284 -0.756836226514211 -0.58067058338506 -0.410322952056468 -0.3864725003579 
0.924318228580869 0.000952973618384172 0.73940384479416 -0.0336011451907029 -0.518479448535274 -0.470377028514018 -0.580781382279886 
0.741870759678633 0.31050080867483 -0.0313167221451879 1.25750309769572 -0.458019976250611 -1.20392842214124 0.0294444039673191 
-3.41836791263099 -0.326038659687218 0.0915849820601256 1.36809723261933 -0.42066007454248 1.29533615203091 -0.532226740679044 
0.580431189011995 -0.440774295848099 0.140284684789872 1.49691045039985 -0.0934668500071238 -0.722269436212129 -0.0184947799181219 
-0.401593568174388 -0.53445183964916 0.512018591501069 0.311119287121346 0.0618310582610517 -1.01388103468054 -0.219794282869643 
1.11637465652597 0.495041464632482 0.323374767352998 -1.47505793288465 -0.0723226315750421 -0.29830983351674 -0.342094292319786 
0.629495827752968 0.861876567434261 0.401372521205398 -0.921172535151132 0.0432294110626541 0.878789429535039 -0.173273111335642 
-1.06233488444081 -0.131708337458804 0.0932139427358394 0.336209062407721 -0.21039634013312 -0.2467101018647 0.938718813173731 
0.0695938533905629 -1.08015169928676 -0.463081200202673 0.231678474545025 0.0601463220920333 -0.579071527270693 -0.236050556817227 
-0.281352323410735 0.268450632649628 0.514993194208739 -0.813448799686833 0.163925327048333 -0.390835536105694 0.344054620675745 
0.272978734500329 -0.585817138837987 0.310695351901058 0.24667112782859 -0.301865570713763 0.510081042712699 -0.144097475487984 
-0.569713600607706 1.08775189257772 0.171476805816461 -0.820385471179042 0.363379534962765 0.928225807572891 0.128597694675454 
0.512559149601585 -0.714323918677203 0.300727305670642 1.43340980815255 -0.401186304081576 -0.00553376725200969 -0.0612135737954091 
-0.87756137486077 0.648862386773761 0.0852891151706136 0.0379879274204255 -0.25612658005673 0.564662466194604 0.73780131353437 
-0.0684604605811938 1.14192093797441 0.613299808056524 0.274407354510323 -0.46781177855494 -0.115252270156217 0.456274008717027 
-0.207243375681599 -0.725808443990455 0.225577641556266 0.287318433237305 -0.290043630632055 0.0110795501976591 0.139563501631675 
0.401271590620712 -0.768332899951125 0.293415754469539 1.54969647231477 -0.159876171259198 -0.421859690567566 -0.389956236434016 

-0.180842308839035 -1.18105515813058 0.255348786812781 0.125426203489703 -0.896580893061293 -0.261301095057105 -0.150485915992618 

-4.1906377561006 -3.41438908487166 0.395125911204265 1.32479276792487 2.3868958007083 2.95394987039922 -2.32671109340743 1.19714887302395 -2.81433101441279 3.31157249889891 
-4.73376174851161 2.09699899232216 -3.46700424256045 3.93767682998607 -2.47687305106371 -4.17134429859719 1.71776030027746 -2.12919570060735 4.50388353740831 4.85967491293928 
-2.01021890619215 -1.85321572012269 -2.50434408259361 -2.05686167405737 -2.06431512978529 -2.63256133835825 -1.84781789129661 -1.45250229873572 -2.9240358195781 -2.18752329191481 
0.683567984920802 -1.57092729538885 3.750081892592 -4.11191905593809 0.44324079456659 -1.95700773290991 0.285826950079602 -4.95054628130192 1.32476518906223 3.41313860387027 
2.33444542993235 1.77262574639941 3.335725266658 2.17570276935026 1.42666995240926 3.20867627259334 1.80974591361973 1.92144474460675 3.73558935128031 3.02765762325183 
0.6213337785583 -3.79578337412559 -4.13385539391765 2.15646883042044 0.0454809097735653 4.16896390510187 1.68653460883958 -3.6576471164895 2.326256359517 -1.82767624338019 
0.579186536755502 -0.428297792718748 1.74338841065017 -0.294653670937858 -4.65334888562032 1.44355486137021 -4.76493090753076 -1.07820370033145 4.03349519656589 -0.287709391176618 

-1.90330640560463 -1.25987696156582 -3.35259564168687 -1.70832064770971 -2.15462913269915 -3.61164528523962 -2.14420715459649 -2.09133596507842 -3.91483370651188 -3.00443242807553 
