BkProp demo neural network file. v3.0.
#Do not modify the contents of this file manually!

InputCount = 35
Hidden1Count = 7
Hidden2Count = 6
OutputCount = 10
0.272932161946356 -0.0346260272354519 0.945075742054716 0.610014644470488 1.18122634938462 -1.23688264065593 -0.534006047370378 
-0.997757204456356 -1.04354108315039 0.888628318530269 -0.0982698172070412 0.0529659902662684 0.623473967756415 1.67839254389042 
0.0204973429008084 -0.359951543781699 -0.705493944790997 1.14404517151685 -0.575341325951799 -0.213069611628456 1.21763252639752 
-0.721814308856249 -0.230071036114274 0.110500778441497 0.467769474596364 -0.347435058315433 0.0743919865247385 0.862822271808078 
-0.368408426042099 0.0148460753048089 0.757040252382626 -0.161064784721419 0.744206952819164 -0.0646455002593047 -0.260698056474483 
-0.781718724951343 0.196265153107946 1.45628189403103 -0.750366795879782 0.327913575796639 0.717053545408702 -0.983123404447314 
0.970727123042406 -0.323142108865392 -1.79843572904332 0.939885104609373 0.686682837697656 -0.983307374741507 -0.30362667961095 
0.978514521326417 -0.1849555665821 0.105147946038793 -0.637607914858959 0.236349156638122 -0.733736716345502 -0.118756647788032 
-0.0416743465345626 -0.439077194404506 -0.0758880599927677 -0.241451581612864 0.038146581347743 -0.460397704046269 1.03131439733915 
-0.820516229151561 0.750151337553515 -0.48484203151994 -1.77280827213713 0.209873826662965 -1.48932781306526 1.14635712237149 
0.478847188388567 2.343588671368 1.49738125079905 -1.5810622124058 1.08678074444333 -0.446572799190355 -1.3701080995976 
-0.406219178824415 -0.235197326792363 1.25315835013475 -1.14938224220694 0.536905024647895 0.0328451066818057 -1.48483004355042 
0.245523782463095 0.233228102570922 0.0685789945215574 0.558622186201968 0.17172302944077 0.468598844899701 -1.14156593022696 
0.343475717074447 -0.525346822955217 0.866513653365638 0.774902904214543 0.913520737651301 0.0335832814317895 -0.183121546610711 
-0.528470424496001 0.820462432793947 -0.926667769333099 -1.71067304793089 -0.959165861787044 -0.673848361822523 0.875703034049803 
1.09851232073877 0.493218694092672 -0.579892292625636 0.0590155724739179 0.409118941235138 -1.73088242451014 -2.21619089865905 
0.553152257607734 1.21907151177364 1.71612346941286 -1.87641914379424 0.517618797466735 2.52650143316259 -0.453843228770804 
0.529433002386366 -1.31569488900889 0.528878802458924 0.941011319536052 0.074935603481483 1.98930736961186 0.501626690960844 
0.503005733788166 -0.581940286207984 1.54054276523211 0.0519223320888136 0.488338062669041 1.5664228090606 -0.838863023507394 
0.231207621416333 0.168186808100792 0.832452103112604 -2.43940776900252 0.255719652955989 -0.769807778081091 1.42843306058827 
-0.444954574098755 2.84647936002519 -0.925742894491824 -0.903032128155899 -0.386082381445954 -1.33818779380208 -2.70791116649011 
-0.231102171453515 1.03702242709703 0.273182882764447 -0.253731058446103 0.442148558468402 -0.908802326446872 -0.0450770716965254 
1.15987156641596 -0.829469010559151 0.577063917922906 0.697972384335102 0.735036070700441 -0.692027699006196 -0.661413646531104 
0.067555988965714 -0.953040000027889 -0.644719349163895 0.502772479451389 0.206010092236076 -0.611094791126985 0.369288139404259 
-0.118071016564085 -0.986082813720416 0.579982954240882 -0.3411465739456 -0.223977798366258 1.00708142348387 -0.310547003800094 
-1.35637911400112 0.997703350144896 -0.975247209386401 0.754334086189294 -1.26803450456911 1.18154766425529 -0.442882802608877 
-0.439312546483 0.388688693843307 -0.548904979556239 0.717741591292803 0.0948332051929038 -0.640505370120947 0.41809690347336 
0.533899564875408 -0.729876603875853 0.548221209590664 0.649571916859436 0.950463585601147 -0.969778001603395 -0.539460770855296 
0.309943334025279 0.513408646228499 0.848087050256118 -0.896018046470148 0.442587205015927 -0.82818020299061 0.185824009163631 
-0.31207734024992 -1.02172043140947 -0.48835345847829 0.802486705090011 -0.609104951063689 1.630223803544 -0.610066254773015 
-0.215458026600445 0.879596165596995 -1.2449999450453 0.195686304647731 -0.888239365823083 -0.539169434437311 1.08781528407124 
-1.12292008921732 0.470916321904547 -2.06133876903454 0.378681334072056 -1.71189920899848 0.360591120515556 0.569816534339328 
-0.82109186738301 -0.721457935795516 -0.633566690995005 1.24146541989734 -0.87835750236992 -0.223233295764619 0.811168949023756 
0.0113578526537302 0.0551969062090775 -0.904616301008005 1.09422858161423 -0.690351964889732 -0.616034819059538 -0.840881754917945 
0.281297371417494 0.536803803938138 -0.350198232797773 0.237058290392231 -0.364954211075279 -1.73827617218427 0.727372882503137 
0.991291582105922 -0.25409995954176 -0.218967354565175 0.181193160627713 0.778859335352109 -0.994834202000364 -0.754199570343092 

-1.74539428608658 0.524547048105895 3.06476176863729 -3.23247071646431 1.21160570043826 -0.944125327410176 
-5.06560966890981 -2.51496613026582 0.687575238657833 3.42472765322007 -1.91548207148533 5.45929798752346 
4.52490991409026 -0.126734341047585 -0.382713224687312 -2.27727204116324 -5.88990547697054 0.665423247205143 
-1.35950977691364 4.00072674150871 -2.33068266090891 -3.62535444844698 4.70021884980701 -0.9660509156252 
1.09138966269028 -0.791107096479568 3.94540780599316 -3.41251350227234 -0.837403938365148 0.00931606031680049 
3.17198827205912 4.89117622751189 -5.53352858278591 0.267199202150404 -0.588175210477823 -0.546183649880218 
3.33822064496005 -5.72223021047632 -0.317425396166925 3.87696341213955 2.07947517645527 -5.7308722356033 
-1.60760181765781 -0.162644134324792 1.77320387738632 1.27498748777689 0.710622113241894 0.480573965917105 

-8.85575994307777 -6.5116586365016 -6.03309923620673 2.78250948305073 -2.47713829196354 2.67862952130599 -7.34363593225515 6.30800294308078 -5.21691897539399 5.26247785779169 
-7.3198956350624 2.95533532890638 -6.2298730707892 3.18388458670333 -1.28045792690639 5.37281731456212 2.57526433055407 -2.80822518100294 2.57586324834239 -5.28872248706379 
1.94005935097237 1.90707101472477 -3.32861493050904 -7.72760953240412 5.90790464281422 -5.36978053375931 -6.50513087463586 3.06120027299537 -7.48793745651773 -2.65301445240693 
3.98993430041726 -5.73416953552579 2.66150879841656 -1.10289752712976 -8.32961658690817 -7.24638004447422 -2.99439851511855 -6.46165883541102 4.49314875075467 3.19609517673249 
-4.30516677599686 2.65457214622204 5.74767861531512 5.15617097942556 -6.96181126037728 -5.33416956103477 3.88304044532324 -0.668173651101097 -8.14449641149084 -6.05730637450208 
4.07840788030928 -5.75123411567163 -4.64524581237674 -7.55789889775833 3.24837971748006 -0.952250549811835 3.12806345968468 -6.78764648361109 4.6685585890112 -3.23638994679639 
-3.93569531593387 -2.62104565773278 -1.30615878098429 -5.37792970824547 -2.80936095355058 -2.00848792178927 -4.2483876644459 -3.8307128405045 -4.80488384672614 -2.29062986337611 
