BkProp demo neural network file. v2.0.
#Do not modify the contents of this file manually!

InputCount = 35
HiddenCount = 7
OutputCount = 10
0.271060809157035 0.0398382316624491 0.428056651471263 1.17132484105741 -0.200808319969433 0.411309495483567 0.983230881833173 
-1.10681820538639 0.37529280586398 -1.3266588191172 -0.350286614608562 -0.277051979095424 0.365996647447598 -0.494646037252012 
-0.661110072661625 -0.206334889620264 -0.0620929355829448 -0.414549933359352 -0.181523909573981 0.158378569569553 0.350000692816632 
-0.747030493901882 -0.225824893943557 -0.16990311027751 -0.938908026157014 -0.529035243979029 -0.163049148685021 0.596893265158761 
1.15321424140756 -0.389607603231779 -0.315045363655678 0.64029442267534 -0.425332293784041 0.108820000500977 1.30874446484921 
1.48282992737421 -0.462516365199656 -0.700228278801174 0.783977951806303 -0.462656976335986 -0.791139558043418 -0.087189834472108 
-0.100965817570479 -0.620806626889637 1.08412050689945 -0.461444655005221 -0.104075354746215 -0.367201455371397 0.68646786850919 
0.219887450763485 -0.260750628602755 0.454388528609788 0.153710464200112 0.113979507757893 -0.361099922021655 -0.0417039241923015 
-0.335028200193461 0.031342960843874 0.408564176711847 -0.529241709392627 -0.149044698785995 0.291303555689759 0.403136936206345 
-0.551132748735546 2.21509444818462 0.151917767206403 -0.963422149113129 0.264982745141287 -0.207009532981877 0.093701092695854 
1.78787676344122 0.890250224961555 -0.0637487140385465 -0.425476029945898 0.159149182755398 -0.0864133684534612 -0.683224171461063 
1.33812365360738 -0.534940761177348 -0.199611287816362 0.755356141524693 0.0921992391127539 0.0824691205624919 0.605366615271743 
0.850956147413474 0.00516252068305944 0.0397422535502074 0.735668445458628 -0.495279633520949 -0.749428582016212 0.198105341734966 
-0.160367262903089 -0.016647389667804 0.13061810634237 -0.137901619333228 -0.256781727126351 -0.247312492677602 0.233482920486796 
-0.696845607036791 0.490596865408902 -0.660465734238474 -0.176113520801824 -0.420172763904464 -0.321033088255726 -0.385789752908226 
1.9645229131996 -0.226984931266692 0.711720652156389 1.08070336617549 0.215511772693993 -0.609870320979883 0.950670033026667 
0.651359985382198 0.997310403748807 0.243581206359392 -0.235110919977992 0.0973791751408907 -0.532061219200329 -2.17926511785459 
-1.24916512998243 -0.578852980334163 1.22364550185778 -0.314310508546673 -0.568044307884066 -0.220602715355123 -0.736327896599286 
0.130966491466664 0.305095381404376 0.958808075396661 0.205983320174198 -0.0861235832251031 -0.143065661929442 -1.15465778323224 
-1.58919510278999 2.25967451243353 -0.182109172513502 -0.358146258555285 0.0105405032944676 -0.331969972443635 -0.265599483917777 
2.39749651249718 1.04828016184996 0.332005189165151 -1.06825494869393 -0.622063777738065 -0.0787842087021225 -0.290163177939877 
0.417765218072323 0.980838582483416 -0.147215244713745 0.980387921579181 0.211880834900222 -0.719229746574132 -0.155200927314902 
0.4485786031646 0.636205385257225 0.973374463408718 0.764302865893121 0.121207545817272 -0.140149112093883 0.89661738543914 
-0.127814380697677 -0.368654229354314 0.471267293213212 -0.375153610248717 0.151815117709059 0.235335035881387 0.250343726218907 
-0.191313448807162 -0.617029831672673 -0.701973999548706 -0.886000715294273 -0.62155894450656 -0.227697869617686 0.197434730164928 
0.519631235841641 -1.23834416275289 -0.891210866110739 0.0352838132068432 0.281033524335875 0.0455604579643943 0.57034465316573 
0.402836729251687 0.387210282131211 0.0229751065391568 0.850270081339716 -0.219984896857464 -0.411085428976463 -0.262399374527116 
-0.233882063894966 0.671111122413412 0.995447579364617 -0.197428942752568 -0.329836351592037 0.106269597382787 0.642559849728281 
0.226477658949655 1.06832032653239 -0.0589563729407441 -0.0763857104699254 -0.55328967428395 -0.0182267565574973 0.80384133287324 
0.762553446079526 -1.19026805224809 0.533676710028638 -0.411102024755722 -0.0751462141566481 0.24001055602777 -0.133117189519029 
-0.577157104186639 1.0202120596555 -0.0946249222407014 0.541807546321818 -0.367589665050818 0.207748020161537 -0.388077161858916 
-0.508705575013368 -0.797794498207069 -1.36548510276957 0.526498118660137 -0.338993869329161 -0.749070236084369 0.633111284881608 
-0.370720284913492 -0.0529750804899441 -0.762164857824877 0.0533384368568776 -0.0712348517347401 -0.372159238885877 0.150494746635696 
0.077878557600177 -0.667820595159773 0.048351282964165 1.1779927176967 -0.470752544599089 -0.560235399852304 -0.316307802429896 
-0.641078927509537 1.023217830714 -0.039583285075513 0.72070290182577 -0.28646531073956 -0.196282868802552 0.897961552553393 
0.217991273116307 0.688457099134538 0.90560613639421 -0.256510829278378 -0.862081689335251 -0.164362367410863 1.40094620669644 

2.33985249811156 -2.19796683595011 -1.77729953322322 -2.71933294834421 3.28570494410074 2.45185652662032 1.81460432549501 -2.67753594014694 4.5081597211915 -4.34324618658077 
1.94117735964022 -2.41687799032487 2.45862705098459 -4.52021060111986 2.78261267274198 -2.56356691647619 -3.05243557052364 2.57067650560477 0.47776906230981 2.20581512642149 
-2.39791869535047 2.66826822346969 -1.86680399254919 -2.12232416777137 3.20903187199131 -2.18401621653395 2.46173893382246 3.2920639151872 -1.88014878295542 -2.19773763578182 
-2.27262877073542 2.97918539810383 4.34156743602635 -1.7249915228865 2.37372829806054 2.9835847766097 -1.84419386158495 -0.884624012308336 -0.402694310529382 -1.67252881182595 
3.43056033664788 2.04303126742483 2.38884372060383 1.95493985209921 2.64890828552275 1.50701702049288 1.58865492045353 1.81291593139795 2.76602660317237 3.63058519641013 
2.47999232527162 0.361031036587111 1.74479680126388 2.83032801325208 1.21543890454402 1.75186031065968 1.48667901969512 3.68847642546284 2.22542912956362 2.15287811619673 
4.17104711981626 -0.536279078842933 0.0544929244450239 -0.168334249528383 -0.477954895761624 -0.474573281931839 -1.45876302382647 0.192521333549203 -4.47156707707156 -2.87685488773442 
-3.17032267407391 -2.095002833397 -2.26644815339448 -2.00053401043688 -2.23549104620171 -1.63907544426825 -1.84687598770169 -1.9398941937348 -2.08939057365651 -3.05791053332366 
