BkProp demo neural network file. v2.0.
#Do not modify the contents of this file manually!

InputCount = 35
HiddenCount = 7
OutputCount = 10
0.403031857901993 -0.229938148555126 1.36878129914334 -0.597623397740526 -0.143408951930569 -0.264913227135083 1.5835247782859 
-0.320372140027042 1.10573895203582 0.163287804489592 -0.734907345749042 -0.667678657691238 -0.11798215230033 1.14895188961342 
-0.534260708558825 1.1640309080898 -0.566571262675502 -0.202306492753413 0.0318674061844013 -0.349573028723757 0.309305340878954 
0.042450418050534 -0.04206324962269 -0.239847739232621 -0.182704093338563 -0.401943896436623 -0.4635643827383 -0.557119767343693 
-0.426546797509929 -0.511857714196887 0.881053208632414 0.583192275499819 0.027196547797572 -0.309713208617121 0.944134287790118 
-0.219085878658871 -0.47964370317226 1.11424931611611 0.7199015805442 0.296955910360029 -0.412555903629983 0.450155996396536 
-0.244417589598645 -0.434532532262132 -0.251138323965878 -0.128445184064139 1.33791770522206 0.371244035641448 -0.972687272420129 
1.27512448625213 -0.10208483988435 0.674141682796416 0.216515839521146 -0.296160006812978 -0.256300364189302 -0.50026138916936 
0.479072802704018 -0.675588607866188 0.60306096473002 -0.305568921220509 -0.523574401931354 0.0128908317786703 -0.836918626103472 
0.79229267840716 -0.739356640065139 -0.585770488390286 0.239994217552974 -1.37096249492272 -0.368424856874436 -0.431394393073429 
0.5931990646006 -0.492404812261764 -0.862094698136685 0.745437973165366 -0.195286558780952 -0.414020209870845 0.0467495996931414 
-0.54798348850222 -0.443188445519041 0.512727316711 0.0761345532783352 -0.27475205896932 -0.137745990504091 0.764783099284908 
-0.0521627801765735 0.233191282738372 0.285219019881403 0.485105857177576 1.05097792576754 0.0612980977005233 0.330181856876369 
-0.0796155632472976 0.290205430728923 0.363144871231544 0.0667829397954386 -0.438846576445657 -0.0065622946284248 0.0996039556687186 
-0.454423157972343 -0.656488283426127 0.275352353922461 0.372676962166216 -0.764812960371323 -0.319224189765334 -0.333491437710858 
-1.088881620278 -1.79283578435386 0.431857254727454 0.736367240507436 0.856256367238449 -0.570810821056627 0.255162756403921 
1.0757359517855 1.03229246776112 -1.70577868466721 0.343658406268675 -1.07164697482394 -0.12174703473091 0.814866831117699 
0.632871487789658 1.98278493976691 0.444967144010119 -0.308726759456195 -0.372088145123233 -0.577703751766133 -1.14327684334095 
0.876199910103147 0.965883719958545 0.180428009352459 0.232888009717303 -0.373703131541308 0.0419870693664145 1.45742557675002 
1.67351162367845 -0.356998170713444 -0.967408406298838 -0.0298541690619797 -1.21794717684156 -0.0620044263713704 -0.322830667669097 
-1.90646217400469 -0.02357918826355 -1.27937214899058 0.46710139362916 -0.481717735135992 -0.227910466558073 2.3482968420823 
1.4124459558538 -0.0941867660860546 -0.836572412607175 0.460968872300229 0.0657801880229677 0.307690833245058 0.530199163431999 
0.99526379325011 -0.476589206560695 0.301183279068773 -0.217487386371881 -0.185119842963617 -0.398014787793004 -0.102581777028836 
-0.531857831045402 -0.620596651782712 0.80326839827618 0.29186342944371 -0.694895736320018 -0.0341021841745558 -1.15876341303049 
-0.773640595581956 -0.000650844655770523 0.578913711195358 0.798272232200463 -0.00136682258503264 0.119370352744 -1.64872930133159 
-1.41634029719644 0.285444214341927 -0.0329218754830643 0.0351525996714466 0.676803481799747 -0.502783633093511 0.819869510951737 
0.269410471884156 -0.304048036081077 -0.0140648238384331 0.418777634181109 0.663090986934251 -0.207133950169336 0.633854501889585 
0.818526492942057 0.543740265529168 0.374391363058808 -0.457665351036151 -0.195013005930466 -0.474103271288159 -0.838167067879 
0.677164298675107 -0.761447063238513 0.164982844867906 -0.480750670821191 -0.612134419389428 -0.201679248780326 -0.145176162762535 
-1.70654582307709 -0.150168870555013 0.834064815841609 0.492663354255024 -0.0793210227103584 0.0248994217294524 -1.21979198516922 
0.91958757674707 -0.327771255127951 -1.06958728013564 0.450887612361955 -0.0633114073938359 0.193436801602606 0.37992183901746 
0.0505368248839017 0.447191036601467 -0.942577360636698 0.800988349468019 0.769818815338807 0.213408759231649 -0.242284668325637 
-0.12950602219521 0.150274958021913 -0.339575676091336 0.354397130334136 0.870572689723165 -0.108042301394666 -0.410857977171945 
-0.068788267795976 0.0920640022307717 0.387693344032982 0.817858180748028 1.10169802227519 -0.545950726880487 0.163663521185899 
1.52428851910245 -0.123720096448486 -0.557087804695638 0.71931017017426 0.383194347953248 -0.239841950258617 0.257003419505432 
1.12916733712225 -0.492401324939434 0.519585353752272 0.0474508987208395 -0.129717733310477 -0.919161851038489 -0.486436903593406 

-2.49280374128697 3.1370118015082 3.03762209338309 -3.5461482065063 1.83039289419378 -1.91636753609304 -2.04542477626316 0.461633207344176 -2.63925625486758 2.13960279796322 
-4.47199071740665 -0.548628474231678 -0.502811865985677 -0.015604214816167 -3.44745819634624 -0.337832331044319 0.943749801490811 1.10914259462684 2.65354846565751 0.808312837905973 
-1.87200800599373 0.657971217148605 -2.48169664731443 2.88590078289151 2.60675924683211 2.5112930451292 -3.40343508704389 1.09770646021757 -1.96785432839515 -2.87479314860995 
-1.40950055320944 -0.865584463715497 -0.558457532227795 -1.15106533651733 1.07003093131907 -0.455213535999101 -1.90000338930319 -3.94298220709724 -1.13776910155608 0.186950724943352 
-0.24180246056553 3.79110739493308 2.11990664400145 -0.524656459751454 -0.419932928821767 1.89136441079274 4.01610734842221 -1.12372149734305 -2.94978507635032 -2.15943592273478 
0.975179050994773 2.10632438498681 1.96755465332641 2.33379604291709 2.56216607243603 1.86619571965051 2.52855255883995 1.24076705352901 3.08144437409424 3.22244718718695 
-0.479296206594173 -2.73611688399731 3.44390167556664 -4.05459157044747 0.450293542056372 3.75940455576298 -0.95520110661904 0.450030907044054 2.54371629545625 -2.93352918064603 
-2.0613461454025 -2.39240851325521 -1.91045246242645 -3.06162542771476 -2.4924188833771 -2.77602115109553 -2.03915682760517 -1.46078208598668 -3.64542200541153 -3.32570419858342 
